rho:1.225
mu:1.8E-5
R:0.45
B:3
chord:13.5 13.5 13.5 49.5 81.432 80.109 77.013 73.125 69.0075 64.953 61.101 57.519 54.225 51.2055 48.447 45.9315 43.632 41.5287 39.6 37.8306 36.201 34.696 33.3063 32.017 30.8191 29.70405 28.6636 27.6912 26.7804 25.92585
radius:0.0075 0.0225 0.049 0.0545 0.0675 0.0825 0.0975 0.1125 0.1275 0.1425 0.1575 0.1725 0.1875 0.2025 0.2175 0.2325 0.2475 0.2625 0.2775 0.2925 0.3075 0.3225 0.3375 0.3525 0.3675 0.3825 0.3975 0.4125 0.4275 0.4425
twist:0 0 0 38.0 37.055 32.544 28.667 25.262 22.43 19.988 18.034 16.349 14.663 13.067 11.829 10.753 9.8177 8.8827 7.9877 7.2527 6.565 5.9187 5.3045 4.7185 4.1316 3.5439 2.9433 2.2185 1.097 -0.71674
AIRFOIL_NUMBER:1
---AIRFOILS---
AIRFOIL_CARAC:S826/0.1-1.0
---XFOIL FILE NAMES---
ARQ_NUMBER:7
XFOIL:S826/RE5E3.txt
XFOIL:S826/RE1E4.txt
XFOIL:S826/RE3E4.txt
XFOIL:S826/RE5E4.txt
XFOIL:S826/RE1E5.txt
XFOIL:S826/RE3E5.txt
XFOIL:S826/RE5E5.txt
